**************************************************************************************
**------******************************************************************************
**--**--********--********************************************************************
**--*--*******************************************************************************
**----**********--**--**********---***-----****---*****---**-------**--***************
**--*****-----**--**------*****--**--*--******--**-***--**-*--***--**------***********
**--****--***--*--**---**--*****--****-----****--******--***-------**---**--**********
**--****-*******--**--***--**--**--***--****--**--**--**--**--***--**--***--**********
**--***--*******--**--***--***----****-----**----****----***--***--**--***--**********
**************************************************************************************
***********************--****************--*******************************************
**********************--*****--***--***------*****************************************
**-----***---*****************-----******--****---***--**--**--***********************
**--****--***--*******--****--****--***----**--***--*--**--**------*----**************
**-----*--************--****--****--*--***-**--******--**--**---**---**--*************
**--****--************--****--****--*--***-**--******--**--**--***--***--*************
**-----*--************--*****------***-----**--*******----***--***--***--*************
**************************************************************************************
**--**********************************************************************************
**--***-******************************************************************************
**--**--******************************************************************************
**--*--***-------****---****--***-------**--*****-------******************************
**---*****--***--***--**-*------*--***--**--*****--***--******************************
**--*--***-------****--*****--***-------**--*****-------******************************
**--**--**--***--*--**--****--***--***--**--*****--***--******************************
**--***-**--***--**----*****--***--***--**-----**--***--******************************

86
2,6,78
2,2,2,2,8,2,68
2,2,1,2,79
2,4,10,2,2,2,10,3,3,5,4,3,5,3,2,7,2,2,15
2,2,5,5,2,2,2,6,5,2,2,2,1,2,6,2,2,1,3,2,2,1,1,2,3,2,2,6,11
2,2,4,2,3,2,1,2,2,3,2,2,5,2,4,5,4,2,6,2,3,7,2,3,2,2,10
2,2,4,1,7,2,2,2,3,2,2,2,2,2,3,2,4,2,2,2,2,2,2,2,2,2,3,2,2,2,3,2,10
2,2,3,2,7,2,2,2,3,2,3,4,4,5,2,4,4,4,3,2,3,2,2,2,3,2,10
86
23,2,16,2,43
22,2,5,2,3,2,3,6,41
2,5,3,3,17,5,6,2,4,3,3,2,2,2,2,2,23
2,2,4,2,3,2,7,2,4,2,4,2,3,4,2,2,3,2,1,2,2,2,2,6,1,4,14
2,5,1,2,12,2,4,2,4,2,1,2,3,1,2,2,6,2,2,2,2,3,2,3,2,2,13
2,2,4,2,12,2,4,2,4,2,1,2,3,1,2,2,6,2,2,2,2,2,3,2,3,2,13
2,5,1,2,12,2,5,6,3,5,2,2,7,4,3,2,3,2,3,2,13
86
2,2,82
2,2,3,1,78
2,2,2,2,78
2,2,1,2,3,7,4,3,4,2,3,7,2,2,5,7,30
2,3,5,2,3,2,3,2,2,1,1,6,1,2,3,2,2,2,5,2,3,2,30
2,2,1,2,3,7,4,2,5,2,3,7,2,2,5,7,30
2,2,2,2,2,2,3,2,1,2,2,2,4,2,3,2,3,2,2,2,5,2,3,2,30
2,2,3,1,2,2,3,2,2,4,5,2,3,2,3,2,2,5,2,2,3,2,30